6686.393012027721
-917.3000000455236
6786.393012027721
-817.3000000455236
11
0
-970.0
-686.0
976.0
-362.0
0
648.6980076621755
-1135.1659147850178
2476.94477808001
-671.1117264155985
0
2051.312606087651
-1904.305680720049
4529.965120222381
-1104.9726230124215
1
4481.990390916786
-1217.0096832468105
5689.166786179973
-1101.074840768455
0
5642.718660538031
-1826.0000003022851
7008.770215248699
-1104.0000008089246
0
6945.3765990592265
-1791.648864650992
8113.902094588898
-288.0319912100463
0
-1010.8194593923224
-1482.3886420307986
697.9399407421996
-617.0635113668791
1
555.0242379220875
-1518.2045942488521
2017.2115577349907
-1063.8684670256666
0
1587.0963295086808
-1562.4320522592639
2297.2638474635796
-1000.4890402269789
0
-1909.1871277718888
-1011.0000001010521
-935.1324270322275
500.9999999807601
0
-1669.1998759393596
-1225.0000000001728
-933.199795902123
-737.0000000002926
21
0
0
-1506.0
369.0
-906.0
519.0
0
0
6362.846183678078
-1231.521166756545
6962.846183678078
-1081.521166756545
0
0
5788.901202549522
-1236.260444114887
6388.901202549522
-1086.260444114887
0
0
5632.884708915943
-1235.6372670661726
6232.884708915943
-1085.6372670661726
0
0
3891.976407229816
-1242.678537875889
4491.976407229816
-1092.678537875889
0
0
3313.3930633829523
-1244.6995388696141
3913.3930633829523
-1094.6995388696141
0
0
2737.388251056575
-1245.699999958374
3337.388251056575
-1095.699999958374
0
0
2466.519831173135
-1243.6999999975883
3066.519831173135
-1093.6999999975883
2
0
1889.7033314908044
-799.7278458112053
2489.7033314908044
-649.7278458112053
2
0
1304.584836953819
-805.3220569955433
1904.584836953819
-655.3220569955433
1
0
718.0742371928973
-792.2000235611902
1318.0742371928973
-642.2000235611902
3
0
401.0074446401054
-487.20000001930975
1001.0074446401054
-337.20000001930975
1
0
-185.42334501518962
-486.60614284276267
414.5766549848104
-336.60614284276267
2
0
-748.3196747710116
-493.20717770936903
-148.3196747710116
-343.20717770936903
1
0
-1011.3108160103807
-485.00010770078325
-411.3108160103807
-335.00010770078325
6
0
-605.0
-351.0
-455.0
249.0
7
0
260.0
-353.0
410.0
247.0
8
0
1809.0898698426186
-679.0941244684177
1959.0898698426186
-79.0941244684177
6
0
3018.6605137733004
-1112.6239809845724
3168.6605137733004
-512.6239809845724
19
0
3551.5644738071355
-1119.9604164750458
4301.564473807135
-519.9604164750458
18
0
6042.553475912971
-1098.7070335880844
6792.553475912971
-498.7070335880844
9
0
21.500029739506317
-182.40002160271433
221.50002973950632
57.59997839728567
3
1583.4662457003362
-577.5721135640292
1783.4662457003362
-337.5721135640292
3
2872.9118043826584
-974.4766622651164
3072.9118043826584
-734.4766622651164
0
4441.229143213894
-947.7654465990663
4641.229143213894
-707.7654465990663
0
4687.75475981787
-940.2839051376568
4887.75475981787
-700.2839051376568
0
4892.409023182177
-949.3431036794809
5092.409023182177
-709.3431036794809
3
3755.271448101096
-973.9382727349903
3955.271448101096
-733.9382727349903
3
5818.834747618325
-981.1147244005629
6018.834747618325
-741.1147244005629
0
5440.207813625578
-573.7280901846389
5640.207813625578
-333.72809018463886
