8152.900323680903
506.54244474679035
8252.900323680904
606.5424447467904
9
0
-978.0
-862.0
1146.0
-390.0
0
1050.767273180532
-854.5252469452787
2400.749547458977
-504.8685987272862
0
2361.107035135874
-778.9344732377652
3296.5985141227734
-385.62519002505087
0
3216.407065730256
-828.6217376551787
4439.1164947283105
-207.0041402335039
0
4417.86470316066
-916.5697343320486
5818.781979926249
-17.090713222153454
0
5802.510166906366
-881.9801697477849
7189.758954266687
176.51964846446333
0
7169.472347434913
-666.9439433847209
8475.401706906636
356.52307817120857
0
8426.679194924369
-286.99521467733393
9888.373121043893
1218.1323021032103
0
-1779.2996795716842
-963.9999562337549
-956.3899321129261
572.0001277101223
19
0
0
-958.6284642876349
-528.364653346242
-358.62846428763487
-378.364653346242
0
0
-400.50873451162306
-527.4907975446874
199.49126548837694
-377.49079754468744
0
0
174.98236381082597
-526.4999806774962
774.982363810826
-376.4999806774962
0
0
577.6617118428871
-527.4999986221524
1177.6617118428871
-377.49999862215236
0
0
1126.2316970900893
-637.3003205784971
1726.2316970900893
-487.3003205784971
0
0
1703.4047746520591
-640.6117570027504
2303.404774652059
-490.61175700275044
0
0
2334.014870008531
-517.3371734481444
2934.014870008531
-367.3371734481444
0
0
2628.3144612638334
-506.8616857370562
3228.3144612638334
-356.8616857370562
0
0
3194.7076515673575
-341.5704700170187
3794.7076515673575
-191.5704700170187
0
0
3760.898239957268
-335.73703665326013
4360.898239957268
-185.73703665326013
0
0
4401.846843256773
-156.77121582836935
5001.846843256773
-6.77121582836935
0
0
4978.7942292567395
-147.0212787104067
5578.7942292567395
2.9787212895932953
0
0
5220.407308923067
-146.4203790905476
5820.407308923067
3.5796209094523874
0
0
5786.178575042896
45.673182097471
6386.178575042896
195.673182097471
0
0
6360.7657311392595
54.73966442377491
6960.7657311392595
204.7396644237749
0
0
6573.612299150384
49.262241740842455
7173.612299150384
199.26224174084246
0
0
7145.38919539637
222.29957686940116
7745.38919539637
372.29957686940116
0
0
7710.685100395527
222.5601952504449
8310.685100395527
372.5601952504449
0
0
7840.694802407759
217.59719471536272
8440.69480240776
367.5971947153627
10
4
7595.722714382285
517.2199331587412
7795.722714382285
757.2199331587412
4
6857.9616883653
387.7250951516173
7057.9616883653
627.7250951516173
4
6198.619844923726
402.93983141417766
6398.619844923726
642.9398314141777
4
5177.274888871638
130.61794666251154
5377.274888871638
370.61794666251154
4
3810.2276233718667
-30.15386405465813
4010.2276233718667
209.84613594534187
4
3467.014786326746
21.21720193333482
3667.014786326746
261.2172019333348
2
2677.8770405104115
-203.40655079914188
2877.8770405104115
36.59344920085812
4
1655.5612677474685
-315.1846105869397
1855.5612677474685
-75.1846105869397
4
726.515847634224
-186.51230418984062
926.515847634224
53.48769581015938
0
-696.8840946250752
-227.367124955593
-496.88409462507525
12.632875044407001
