6946.899999920598
649.2142857126324
7046.899999920598
749.2142857126324
11
0
-966.0
-688.0
982.0
-442.0
0
812.9094385766198
-715.6189565871852
2106.9080244239103
194.59860055184015
0
-585.6175679591022
-563.057588671017
-226.53224340503448
-266.70100248681524
0
24.032773026507357
-170.37046613126324
697.6150810599634
-112.08362249347272
0
409.6595832065841
-166.31765460642424
891.702505647246
29.203645443986034
0
2098.5449300463097
-287.5160178884293
2740.185354892946
288.47920079627096
0
2702.43032267125
-410.1090184336397
4671.935427558236
398.2108310511126
0
4654.1980558686355
-220.62659161668228
5966.771297683061
528.5995969759811
0
5904.353308360684
-109.22416046867806
7451.22654071267
620.7954845235461
0
7423.421057005935
91.76379791467997
8522.305788136353
1382.5705163506925
0
-1676.44164888975
-736.8636090643153
-564.6000142803896
605.4944493079979
31
0
0
-251.6330928028491
-577.6234003145715
348.3669071971509
-427.62340031457154
0
0
-810.592711962851
-398.07703854142994
-210.592711962851
-248.07703854142994
0
0
6.099072249304413
-241.4434850976525
606.0990722493044
-91.44348509765251
0
0
396.0999976717725
-98.58571586097315
996.0999976717725
51.41428413902685
0
0
310.00311439599074
-583.1571428585432
910.0031143959907
-433.15714285854324
0
0
797.475748046488
70.7000000000155
1397.475748046488
220.7000000000155
4
0
1358.1650538453619
66.07025136074617
1958.1650538453619
216.07025136074617
0
0
1528.7171048433747
65.92021780307113
2128.7171048433747
215.92021780307113
0
0
2073.3116481456423
167.96845277222883
2673.3116481456423
317.96845277222883
0
0
2686.8740664056686
261.0563911562326
3286.8740664056686
411.0563911562326
0
0
3245.9412121192936
264.3278229760029
3845.9412121192936
414.3278229760029
0
0
3802.1197743845423
264.0619702117725
4402.119774384542
414.0619702117725
0
0
4074.8538910421885
270.0757702768408
4674.8538910421885
420.0757702768408
0
0
4634.143573124182
400.74775155484485
5234.143573124182
550.7477515548449
0
0
5194.315568708505
405.22928686617934
5794.315568708505
555.2292868661793
0
0
5315.627911210061
413.024871889152
5915.627911210061
563.024871889152
0
0
5872.595920225945
490.64105726266405
6472.595920225945
640.641057262664
0
0
6423.404167910133
485.3818033027703
7023.404167910133
635.3818033027703
0
0
6840.197941156312
483.0542054802605
7440.197941156312
633.0542054802605
0
0
-1156.3236006909929
472.44810487470465
-556.3236006909929
622.4481048747047
9
0
-436.8017769223395
-269.4278428259687
-286.8017769223395
330.5721571740313
6
0
384.3999999412413
44.28571430899672
534.3999999412413
644.2857143089967
7
0
1510.0409323672234
204.18135786193773
1660.0409323672234
804.1813578619377
6
0
2385.8446666008495
306.3810812289587
2535.8446666008495
906.3810812289587
7
0
3183.0045775236617
388.0054364784995
3333.0045775236617
988.0054364784995
8
0
4337.937697077651
403.62275025147767
4487.937697077651
1003.6227502514777
19
0
4871.667050790691
523.8630339964775
5621.667050790691
1123.8630339964775
5
0
5687.977497933248
549.119451870536
5837.977497933248
1149.119451870536
20
0
6693.091642444254
621.4710647061175
7443.091642444254
1221.4710647061174
6
0
6267.2999999991625
625.9285714286037
6417.2999999991625
1225.9285714286038
0
0
1102.4967998978514
74.35599641926552
1702.4967998978514
224.35599641926552
10
2
626.0
-366.0
826.0
-126.0
0
1064.398621743743
321.3659693033858
1264.398621743743
561.3659693033858
1
2216.9835674214582
440.48314222246313
2416.9835674214582
680.4831422224631
1
2823.631333627455
518.2973490829099
3023.631333627455
758.2973490829099
0
3831.269081557044
573.9650130342218
4031.269081557044
813.9650130342218
3
4126.240982870347
584.0847135656628
4326.240982870347
824.0847135656628
0
4846.9699792872525
600.5575328725928
5046.9699792872525
840.5575328725928
0
5075.398170162273
646.7425794939229
5275.398170162273
886.7425794939229
0
5326.553619629924
635.0615345713795
5526.553619629924
875.0615345713795
2
6525.808574678703
791.3283528529975
6725.808574678703
1031.3283528529973
