4445.494247273088
-187.68957598191832
4545.494247273088
-87.68957598191832
5
0
-1044.0
-1384.6515584595095
1478.0
-411.3547065584937
0
1470.0733754990938
-1395.8395946922492
3102.5593713303488
-344.7017225695488
0
3088.781173630134
-1430.6407225645955
4717.337101447151
-273.6635869483599
0
-1675.1274045440728
-1196.9810228892397
-1039.99112730245
133.61751050208682
0
4687.556951416576
-901.2614138476372
5646.1730070861995
384.39008950993184
20
0
0
-996.0
-877.9528485046437
-396.0
-727.9528485046437
0
0
-499.0
-551.0
101.0
-401.0
6
0
-216.0
-418.0
-66.0
182.0
0
0
-1048.870525004062
-542.9006144688047
-448.8705250040621
-392.90061446880475
0
0
47.200059489180376
-543.2640350124502
647.2000594891804
-393.2640350124502
0
0
624.2522830591879
-548.2572268073017
1224.252283059188
-398.25722680730166
0
0
980.5303388264593
-540.2999562225912
1580.5303388264592
-390.29995622259116
0
0
1454.683507830453
-471.2999976765137
2054.683507830453
-321.2999976765137
0
0
2037.5086689797881
-471.2999999990983
2637.508668979788
-321.2999999990983
0
0
2513.32060778203
-474.2999999999628
3113.32060778203
-324.2999999999628
0
0
3065.244939767664
-408.29999999999905
3665.244939767664
-258.29999999999905
0
0
3629.1218907130815
-409.9966686214468
4229.1218907130815
-259.9966686214468
0
0
4113.388576319661
-406.2579045161722
4713.388576319661
-256.2579045161722
5
0
3797.700000000137
-275.5999999999939
3947.700000000137
324.4000000000061
6
0
3095.7000000001376
-273.5999999999939
3245.7000000001376
326.4000000000061
7
0
4052.700000000138
-266.5999999999939
4202.700000000138
333.4000000000061
9
0
1824.024692481251
-343.4493247327049
1974.024692481251
256.5506752672951
8
0
2383.506598355797
-337.12651810788145
2533.506598355797
262.87348189211855
5
0
736.43492261677
-406.0200197817378
886.43492261677
193.9799802182622
0
0
-1625.5578647726013
-11.520414590007931
-1025.5578647726013
138.47958540999207
4
0
100.14846587076158
-311.77262849014494
300.1484658707616
-71.77262849014494
0
1366.9003609555416
-96.91708823402587
1566.9003609555416
143.08291176597413
0
2784.3952014301067
-178.9001285306765
2984.3952014301067
61.09987146932349
1
3970.3390976492433
-40.900000110375345
4170.339097649243
199.09999988962466
