-1588.7357250271466
1220.006470072593
-1488.7357250271466
1320.006470072593
19
0
-983.0
-690.0
1009.0
-366.0
0
-1375.190934739227
-702.3081301041022
-935.2101789620028
338.27330586463654
0
996.9203247293274
-940.0582322226576
2793.2613009081747
-178.35112218040592
-1
2796.4748525492137
-40.16114777565224
2801.2112804769904
-39.48117564711367
-1
2803.55149303954
-41.041488357890216
2807.3433990516583
-40.49711389646188
0
2778.611308820795
-922.4712332351912
4666.130563006132
12.0438698636965
0
3426.0561074950356
-118.18630523510484
3844.1304716161308
158.91998496471598
0
2111.958324919545
379.5078728920408
2806.483022146404
653.5007875957992
0
4476.247039559693
-427.5347827600118
5511.914851973992
1100.6615450632703
0
1373.754221736032
730.006515211961
2193.583259829015
978.4616257640401
0
-464.1273289685919
728.3577724623706
1404.330280597643
1254.4110421639089
0
-2357.5797697866383
171.18531845027485
-937.4460138858024
1123.0882485935308
0
-1152.599967723131
806.1999924213185
-206.59998955703463
1200.1999765759324
0
-2400.86421409969
657.2917490991899
-1708.8937453057733
2132.0647841363116
0
3563.8000000002994
-48.57142857141798
4032.600000000303
328.5714285715052
0
2356.600000000293
295.14285714286603
3171.0000000002983
471.71428571429624
0
1763.4937145063566
542.2262314083073
2457.4099798388534
822.0418221702694
0
1278.8209235332804
802.7638573298234
1719.1813381166016
1139.2168328930381
0
3848.0301556687855
-143.58772088799003
4276.453322569403
163.69383374937667
35
0
0
-988.0
-636.0
-388.0
-486.0
0
0
-943.8765685932084
-493.06392091263785
-343.8765685932084
-343.06392091263785
0
0
-375.26114137823583
-494.1303046297845
224.73885862176417
-344.1303046297845
0
0
208.19893958189255
-494.89903993871883
808.1989395818925
-344.89903993871883
0
0
409.34680403424886
-496.2748310666801
1009.3468040342489
-346.2748310666801
0
0
976.4417127256603
-313.9271563853853
1576.4417127256602
-163.92715638538527
0
0
1542.567812580666
-308.66205216648166
2142.567812580666
-158.66205216648166
0
0
2112.941145747672
-307.97978183804287
2712.941145747672
-157.97978183804287
0
0
2761.6797742186227
-120.71690261703361
3361.6797742186227
29.28309738296639
11
0
3587.7833904894837
307.4502660110285
3737.7833904894837
457.4502660110285
0
0
3960.96924983198
-126.8163045703892
4560.96924983198
23.183695429610793
0
0
2608.1385089077025
336.1852866050019
3208.1385089077025
486.1852866050019
0
0
2220.1816563879756
512.9878741483449
2820.1816563879756
662.9878741483449
0
0
1865.6524086536942
676.9735845159523
2465.6524086536942
826.9735845159523
0
0
1610.2279706825184
851.1761999320477
2210.2279706825184
1001.1761999320477
0
0
1132.0213346847831
1004.0200203746717
1732.0213346847831
1154.0200203746717
0
0
827.1087804856131
1117.7233837786341
1427.1087804856131
1267.7233837786341
0
0
277.29666650898355
1121.2941421936898
877.2966665089835
1271.2941421936898
0
0
-290.54093839195815
1127.842635789298
309.45906160804185
1277.842635789298
0
0
-475.1897404756985
1124.1589454682908
124.8102595243015
1274.1589454682908
0
0
-988.549107899663
1073.340664139363
-388.549107899663
1223.340664139363
0
0
-1167.6656527362734
1078.3814033430417
-567.6656527362734
1228.3814033430417
0
0
-1723.3427668247684
997.3352795336327
-1123.3427668247684
1147.3352795336327
6
0
-772.1917487224149
-352.2252886786655
-622.1917487224149
247.7747113213345
7
0
-132.72836996645412
-353.1988078915656
17.271630033545875
246.8011921084344
9
0
1531.5311194529204
-183.85249255687734
1681.5311194529204
416.14750744312266
11
0
2375.016957642704
-179.32395416638144
2525.016957642704
-29.32395416638144
12
0
1881.2330906856494
-180.93965502906042
2031.2330906856494
-30.939655029060418
12
0
2133.9871460618388
-176.69027651933345
2283.9871460618388
-26.69027651933345
6
0
2938.1539131677546
475.0619498352378
3088.1539131677546
1075.0619498352378
17
0
1646.9569370622498
998.0232055418278
2396.95693706225
1598.0232055418278
7
0
1148.6975905084576
1254.2718307106077
1298.6975905084576
1854.2718307106077
8
0
-0.6726188065362919
1265.2260650768053
149.3273811934637
1865.2260650768053
9
0
-1054.2918023311954
1219.304091594057
-904.2918023311954
1819.304091594057
0
0
-3356.717582419993
920.7833376655835
-2756.717582419993
1070.7833376655835
8
0
213.63090509749532
-195.79559296277046
413.6309050974953
44.204407037229544
0
1382.8194769392805
-54.67646025049362
1582.8194769392805
185.32353974950638
1
2289.4192266916025
-40.696964961585536
2489.4192266916025
199.30303503841446
0
3704.0606145633215
476.32082140505395
3904.0606145633215
716.320821405054
0
249.99288141412183
1419.6293975421006
449.9928814141218
1659.6293975421006
0
-6.15287927080567
1470.0749356950766
193.84712072919433
1710.0749356950766
0
-132.69818453926894
1481.744304903768
67.30181546073106
1721.744304903768
2
-858.9272183965879
1440.4326484246078
-658.9272183965879
1680.4326484246078
